6945091700290
6933165276260
6937701100309
6937519000105
6970104680641
6923775926303
6954446300757
6928804606416
6933474381198
6923644273019
6922903300169
6938296800360
6933631550474
6970040270029
6922663700025
6907917122044
6934476309401
6924807016894
6936416680045
6939049118169
6920858261917
6901028030007
6901028111232
6957965100099
6949833110958
6952492300103
6914973200418
6920930300206
6926690263331
6933974032019
6934024515681
6954446300351
6956090108628
6947503713287
6905028905037
6952290416051
6923523902788
6926292556015
6936734412533
6920174746051
6953787329458
6947325410159
6923934202170
6912003039090
6947503725020
6925282213365
6921259646815
6918994102751
6919892641205
6951572901544
6903788088519
6935751700753
6910019013943
6943847000014
